name: rainpgd
channels:
  - pytorch
  - conda-forge
  - defaults
dependencies:
  - blas=1.0=mkl
  - certifi=2021.5.30=py36ha15d459_0
  - cudatoolkit=11.1.1=heb2d755_10
  - dataclasses=0.8=pyh787bdff_2
  - freetype=2.12.1=h546665d_0
  - hdf5=1.8.20=hac2f561_1
  - icc_rt=2022.1.0=h6049295_2
  - intel-openmp=2023.1.0=h59b6b97_46320
  - joblib=1.2.0=pyhd8ed1ab_0
  - jpeg=9b=hb83a4c4_2
  - lerc=4.0.0=h63175ca_0
  - libblas=3.8.0=20_mkl
  - libcblas=3.8.0=20_mkl
  - libdeflate=1.13=h8ffe710_0
  - libopencv=3.4.2=h20b85fd_0
  - libpng=1.6.37=h1d00b33_4
  - libtiff=4.5.0=h8a3f274_0
  - libuv=1.44.2=h8ffe710_0
  - libwebp=1.2.4=h8ffe710_0
  - libwebp-base=1.2.4=h8ffe710_0
  - libzlib=1.2.12=h8ffe710_2
  - llvmlite=0.36.0=py36haecd60e_0
  - mkl=2020.2=256
  - mkl-service=2.3.0=py36h196d8e1_0
  - mkl_fft=1.3.0=py36h46781fe_0
  - mkl_random=1.1.1=py36h47e9c7a_0
  - ninja=1.11.0=h2d74725_0
  - numba=0.53.1=py36hd0dfabe_1
  - numpy=1.19.2=py36hadc3359_0
  - numpy-base=1.19.2=py36ha3acd2a_0
  - olefile=0.46=pyh9f0ad1d_1
  - opencv=3.4.2=py36h40b0b35_0
  - pillow=8.3.1=py36h8f6046a_0
  - pip=21.3.1=pyhd8ed1ab_0
  - py-opencv=3.4.2=py36hc319ecb_0
  - python=3.6.13=h3758d61_0
  - python_abi=3.6=2_cp36m
  - pytorch=1.8.1=py3.6_cuda11.1_cudnn8_0
  - scikit-learn=0.24.1=py36h63cef00_0
  - scipy=1.4.1=py36h9439919_0
  - six=1.16.0=pyhd3eb1b0_1
  - sqlite=3.45.3=h2bbff1b_0
  - threadpoolctl=3.1.0=pyh8a188c0_0
  - tk=8.6.12=h8ffe710_0
  - torchvision=0.9.1=py36_cu111
  - tqdm=4.60.0=pyhd8ed1ab_0
  - ucrt=10.0.22621.0=h57928b3_0
  - vc=14.2=h2eaa2aa_1
  - vs2015_runtime=14.29.30133=h43f2093_3
  - wheel=0.37.1=pyhd3eb1b0_0
  - wincertstore=0.2=py36h7fe50ca_0
  - xz=5.2.6=h8d14728_0
  - zlib=1.2.12=h8ffe710_2
  - zstd=1.5.2=h7755175_4
  - pip:
      - adversarial-robustness-toolbox==1.6.1
      - armory-testbed==0.13.0
      - attrs==22.2.0
      - charset-normalizer==2.0.12
      - cma==4.0.0
      - coloredlogs==15.0.1
      - cycler==0.11.0
      - cython==3.0.10
      - docker==5.0.3
      - ffmpeg-python==0.2.0
      - future==1.0.0
      - humanfriendly==10.0
      - idna==3.7
      - importlib-metadata==4.8.3
      - importlib-resources==5.4.0
      - jsonschema==3.2.0
      - kiwisolver==1.3.1
      - kornia==0.5.1
      - matplotlib==3.3.4
      - mypy==0.971
      - mypy-extensions==1.0.0
      - pandas==1.1.5
      - patsy==0.5.6
      - pycocotools==2.0.7
      - pydub==0.25.1
      - pymongo==4.1.1
      - pyparsing==3.1.2
      - pyreadline==2.1
      - pyrsistent==0.18.0
      - python-dateutil==2.9.0.post0
      - pytz==2024.2
      - pywin32==227
      - requests==2.27.1
      - resampy==0.4.3
      - setuptools==59.6.0
      - statsmodels==0.12.2
      - tomli==1.2.3
      - typed-ast==1.5.5
      - typing-extensions==4.1.1
      - urllib3==1.26.19
      - websocket-client==1.3.1
      - zipp==3.6.0
prefix: C:\Users\Alaqsa\miniconda3\envs\sac
